
Round: 0
00000000
00000000
00000000
00000000
00000000
00000000
00000000
00000000

Valid moves for 1:
3, 3
3, 4
4, 3
4, 4

Player 1: 3, 3

After move by Player 1
00000000
00000000
00000000
00000000
00010000
00000000
00000000
00000000


Round: 1
00000000
00000000
00000000
00000000
00010000
00000000
00000000
00000000

Valid moves for 2:
3, 4
4, 3
4, 4

Player 2: 4, 4

After move by Player 2
00000000
00000000
00000000
00002000
00010000
00000000
00000000
00000000


Round: 2
00000000
00000000
00000000
00002000
00010000
00000000
00000000
00000000

Valid moves for 1:
3, 4
4, 3

Player 1: 3, 4

After move by Player 1
00000000
00000000
00000000
00002000
00011000
00000000
00000000
00000000


Round: 3
00000000
00000000
00000000
00002000
00011000
00000000
00000000
00000000

Valid moves for 2:
4, 3

Player 2: 4, 3

After move by Player 2
00000000
00000000
00000000
00022000
00011000
00000000
00000000
00000000


Round: 4
00000000
00000000
00000000
00022000
00011000
00000000
00000000
00000000

Valid moves for 1:
5, 2
5, 3
5, 4
5, 5

Player 1: 5, 4

After move by Player 1
00000000
00000000
00001000
00021000
00011000
00000000
00000000
00000000


Round: 5
00000000
00000000
00001000
00021000
00011000
00000000
00000000
00000000

Valid moves for 2:
2, 3
2, 5
4, 5
6, 5

Player 2: 2, 5

After move by Player 2
00000000
00000000
00001000
00021000
00012000
00000200
00000000
00000000


Round: 6
00000000
00000000
00001000
00021000
00012000
00000200
00000000
00000000

Valid moves for 1:
2, 4
3, 2
3, 5
4, 2
5, 3

Player 1: 2, 4

After move by Player 1
00000000
00000000
00001000
00021000
00011000
00001200
00000000
00000000


Round: 7
00000000
00000000
00001000
00021000
00011000
00001200
00000000
00000000

Valid moves for 2:
2, 3
4, 5
6, 5

Player 2: 2, 3

After move by Player 2
00000000
00000000
00001000
00021000
00021000
00022200
00000000
00000000


Round: 8
00000000
00000000
00001000
00021000
00021000
00022200
00000000
00000000

Valid moves for 1:
1, 2
1, 4
1, 6
2, 2
3, 2
4, 2
5, 2

Player 1: 5, 2

After move by Player 1
00000000
00000000
00101000
00011000
00021000
00022200
00000000
00000000


Round: 9
00000000
00000000
00101000
00011000
00021000
00022200
00000000
00000000

Valid moves for 2:
3, 5
4, 5
5, 3
5, 5
6, 1
6, 4

Player 2: 5, 5

After move by Player 2
00000000
00000000
00101200
00012000
00021000
00022200
00000000
00000000


Round: 10
00000000
00000000
00101200
00012000
00021000
00022200
00000000
00000000

Valid moves for 1:
1, 2
1, 3
1, 4
1, 6
3, 2
4, 5
5, 6

Player 1: 1, 4

After move by Player 1
00000000
00000000
00101200
00012000
00021000
00021200
00001000
00000000


Round: 11
00000000
00000000
00101200
00012000
00021000
00021200
00001000
00000000

Valid moves for 2:
0, 3
0, 4
0, 5
1, 5
3, 5
4, 2
4, 5
5, 3
6, 1
6, 4

Player 2: 0, 5

After move by Player 2
00000000
00000000
00101200
00012000
00021000
00021200
00002000
00000200


Round: 12
00000000
00000000
00101200
00012000
00021000
00021200
00002000
00000200

Valid moves for 1:
0, 4
1, 2
1, 3
1, 6
2, 2
2, 6
3, 2
4, 2
4, 5
5, 6

Player 1: 5, 6

After move by Player 1
00000000
00000000
00101110
00012000
00021000
00021200
00002000
00000200


Round: 13
00000000
00000000
00101110
00012000
00021000
00021200
00002000
00000200

Valid moves for 2:
1, 5
3, 5
4, 2
4, 5
5, 3
6, 1
6, 4
6, 6

Player 2: 5, 3

After move by Player 2
00000000
00000000
00121110
00022000
00021000
00021200
00002000
00000200


Round: 14
00000000
00000000
00121110
00022000
00021000
00021200
00002000
00000200

Valid moves for 1:
0, 4
1, 2
1, 6
2, 2
2, 6
3, 2
4, 2

Player 1: 2, 2

After move by Player 1
00000000
00000000
00121110
00021000
00011000
00111200
00002000
00000200


Round: 15
00000000
00000000
00121110
00021000
00011000
00111200
00002000
00000200

Valid moves for 2:
1, 3
2, 1
3, 2
3, 5
4, 5
5, 1
5, 7
6, 1
6, 4
6, 5

Player 2: 5, 7

After move by Player 2
00000000
00000000
00122222
00021000
00011000
00111200
00002000
00000200


Round: 16
00000000
00000000
00122222
00021000
00011000
00111200
00002000
00000200

Valid moves for 1:
0, 4
1, 6
2, 6
4, 2
6, 2
6, 3
6, 4
6, 6

Player 1: 6, 6

After move by Player 1
00000000
00000010
00122122
00021000
00011000
00111200
00002000
00000200


Round: 17
00000000
00000010
00122122
00021000
00011000
00111200
00002000
00000200

Valid moves for 2:
1, 3
2, 1
3, 2
3, 5
4, 5
5, 1
6, 1
7, 5
7, 6

Player 2: 2, 1

After move by Player 2
00000000
00000010
00122122
00021000
00011000
02222200
00002000
00000200


Round: 18
00000000
00000010
00122122
00021000
00011000
02222200
00002000
00000200

Valid moves for 1:
0, 4
1, 1
1, 2
1, 3
1, 5
1, 6
4, 2
4, 6
6, 2
6, 3
6, 4

Player 1: 1, 2

After move by Player 1
00000000
00000010
00122122
00021000
00011000
02212200
00102000
00000200


Round: 19
00000000
00000010
00122122
00021000
00011000
02212200
00102000
00000200

Valid moves for 2:
0, 2
0, 3
1, 3
3, 2
3, 5
4, 2
4, 5
5, 1
6, 1
7, 5
7, 6
7, 7

Player 2: 7, 7

After move by Player 2
00000002
00000020
00122222
00022000
00021000
02212200
00102000
00000200


Round: 20
00000002
00000020
00122222
00022000
00021000
02212200
00102000
00000200

Valid moves for 1:
0, 4
1, 6
2, 0
2, 6
3, 0
3, 2
6, 3
6, 4

Player 1: 2, 0

After move by Player 1
00000002
00000020
00122222
00022000
00021000
11112200
00102000
00000200


Round: 21
00000002
00000020
00122222
00022000
00021000
11112200
00102000
00000200

Valid moves for 2:
1, 1
1, 3
3, 2
3, 5
5, 1
6, 1

Player 2: 3, 2

After move by Player 2
00000002
00000020
00122222
00022000
00221000
11122200
00102000
00000200


Round: 22
00000002
00000020
00122222
00022000
00221000
11122200
00102000
00000200

Valid moves for 1:
0, 4
1, 6
2, 6
3, 1
4, 2
6, 4
6, 5

Player 1: 3, 1

After move by Player 1
00000002
00000020
00122222
00022000
01111000
11122200
00102000
00000200


Round: 23
00000002
00000020
00122222
00022000
01111000
11122200
00102000
00000200

Valid moves for 2:
0, 1
1, 0
1, 1
4, 1
4, 2
4, 5
5, 1
6, 1

Player 2: 4, 2

After move by Player 2
00000002
00000020
00122222
00222000
01121000
11122200
00102000
00000200


Round: 24
00000002
00000020
00122222
00222000
01121000
11122200
00102000
00000200

Valid moves for 1:
0, 4
1, 6
2, 6
6, 4
6, 5

Player 1: 2, 6

After move by Player 1
00000002
00000020
00122222
00222000
01121000
11111110
00102000
00000200


Round: 25
00000002
00000020
00122222
00222000
01121000
11111110
00102000
00000200

Valid moves for 2:
0, 2
1, 0
1, 1
1, 3
1, 5
1, 6
3, 0
3, 5
3, 6
4, 1
5, 1
6, 1
6, 2

Player 2: 1, 3

After move by Player 2
00000002
00000020
00122222
00222000
01121000
11121110
00122000
00000200


Round: 26
00000002
00000020
00122222
00222000
01121000
11121110
00122000
00000200

Valid moves for 1:
0, 2
0, 3
0, 4
1, 5
5, 1
6, 4
6, 5

Player 1: 5, 1

After move by Player 1
00000002
00000020
01122222
00122000
01111000
11121110
00122000
00000200


Round: 27
00000002
00000020
01122222
00122000
01111000
11121110
00122000
00000200

Valid moves for 2:
0, 1
1, 0
1, 1
1, 6
2, 7
3, 5
3, 6
4, 0
4, 1
4, 5
5, 0
6, 1

Player 2: 2, 7

After move by Player 2
00000002
00000020
01122222
00122000
01111000
11122222
00122000
00000200


Round: 28
00000002
00000020
01122222
00122000
01111000
11122222
00122000
00000200

Valid moves for 1:
0, 3
0, 4
1, 5
1, 6
4, 5
6, 3
6, 4
6, 5

Player 1: 1, 5

After move by Player 1
00000002
00000020
01122222
00122000
01111000
11121222
00111100
00000200


Round: 29
00000002
00000020
01122222
00122000
01111000
11121222
00111100
00000200

Valid moves for 2:
0, 1
0, 3
0, 4
1, 0
1, 1
4, 1
4, 5
5, 0
6, 1

Player 2: 5, 0

After move by Player 2
00000002
00000020
22222222
00122000
01111000
11121222
00111100
00000200


Round: 30
00000002
00000020
22222222
00122000
01111000
11121222
00111100
00000200

Valid moves for 1:
1, 6
3, 5
3, 6
3, 7
4, 5
6, 0
6, 1
6, 2
6, 3
6, 4
6, 5

Player 1: 3, 7

After move by Player 1
00000002
00000020
22222222
00122000
01111001
11121212
00111100
00000200


Round: 31
00000002
00000020
22222222
00122000
01111001
11121212
00111100
00000200

Valid moves for 2:
0, 1
0, 2
0, 3
0, 4
0, 6
1, 0
1, 1
4, 1
4, 5
4, 7

Player 2: 4, 7

After move by Player 2
00000002
00000020
22222222
00122002
01111002
11121212
00111100
00000200


Round: 32
00000002
00000020
22222222
00122002
01111002
11121212
00111100
00000200

Valid moves for 1:
1, 6
3, 5
3, 6
4, 5
6, 0
6, 1
6, 2
6, 3
6, 4
6, 5

Player 1: 6, 1

After move by Player 1
00000002
01000020
22122222
00112002
01111002
11121212
00111100
00000200


Round: 33
00000002
01000020
22122222
00112002
01111002
11121212
00111100
00000200

Valid moves for 2:
0, 1
0, 3
0, 4
0, 6
1, 0
1, 1
4, 1
4, 5
7, 0
7, 1
7, 2

Player 2: 0, 4

After move by Player 2
00000002
01000020
22122222
00112002
01112002
11122222
00112200
00002200


Round: 34
00000002
01000020
22122222
00112002
01112002
11122222
00112200
00002200

Valid moves for 1:
0, 6
1, 6
3, 5
4, 1
4, 5
6, 0
6, 3
6, 4
6, 5

Player 1: 1, 6

After move by Player 1
00000002
01000020
22122222
00112002
01111002
11122122
00111110
00002200


Round: 35
00000002
01000020
22122222
00112002
01111002
11122122
00111110
00002200

Valid moves for 2:
0, 1
0, 2
0, 3
0, 6
1, 0
1, 1
3, 5
4, 0
4, 1
4, 5
7, 1
7, 2

Player 2: 3, 5

After move by Player 2
00000002
01000020
22122222
00112002
01111202
11122222
00111210
00002200


Round: 36
00000002
01000020
22122222
00112002
01111202
11122222
00111210
00002200

Valid moves for 1:
0, 6
3, 6
4, 1
4, 5
4, 6
6, 0
6, 3
6, 4
6, 5

Player 1: 3, 6

After move by Player 1
00000002
01000020
22122222
00112002
01111112
11122112
00111210
00002200


Round: 37
00000002
01000020
22122222
00112002
01111112
11122112
00111210
00002200

Valid moves for 2:
0, 1
0, 2
0, 3
1, 0
1, 1
1, 7
3, 0
4, 0
4, 1
4, 5
4, 6
7, 1
7, 2

Player 2: 0, 3

After move by Player 2
00000002
01000020
22122222
00112002
01111122
11122212
00122210
00022200


Round: 38
00000002
01000020
22122222
00112002
01111122
11122212
00122210
00022200

Valid moves for 1:
0, 2
0, 6
4, 1
4, 5
4, 6
6, 0
6, 2
6, 3
6, 4
6, 5

Player 1: 6, 5

After move by Player 1
00000002
01000120
22121222
00112002
01111122
11122212
00122210
00022200


Round: 39
00000002
01000120
22121222
00112002
01111122
11122212
00122210
00022200

Valid moves for 2:
0, 1
0, 6
0, 7
1, 1
1, 7
3, 0
4, 0
4, 1
4, 5
4, 6
6, 4
7, 0
7, 1
7, 2
7, 4
7, 5

Player 2: 0, 7

After move by Player 2
00000002
01000120
22121222
00112002
01111122
11122212
00122220
00022202


Round: 40
00000002
01000120
22121222
00112002
01111122
11122212
00122220
00022202

Valid moves for 1:
0, 2
0, 6
1, 7
4, 1
4, 5
4, 6
6, 0
6, 2
6, 3
6, 4
6, 7

Player 1: 6, 7

After move by Player 1
00000002
01000111
22121222
00112002
01111122
11122212
00122220
00022202


Round: 41
00000002
01000111
22121222
00112002
01111122
11122212
00122220
00022202

Valid moves for 2:
0, 1
1, 1
1, 7
3, 0
4, 0
4, 1
4, 5
4, 6
6, 4
7, 0
7, 1
7, 2
7, 4
7, 5
7, 6

Player 2: 4, 6

After move by Player 2
00000002
01000111
22121222
00112022
01111222
11122212
00122220
00022202


Round: 42
00000002
01000111
22121222
00112022
01111222
11122212
00122220
00022202

Valid moves for 1:
0, 6
1, 7
4, 1
4, 5
6, 0
6, 2
6, 3
6, 4

Player 1: 1, 7

After move by Player 1
00000002
01000111
22121221
00112021
01111221
11122211
00111111
00022202


Round: 43
00000002
01000111
22121221
00112021
01111221
11122211
00111111
00022202

Valid moves for 2:
0, 1
0, 2
0, 6
1, 1
3, 0
4, 0
4, 1
4, 5
6, 4
7, 0
7, 1
7, 2
7, 4
7, 5
7, 6

Player 2: 4, 5

After move by Player 2
00000002
01000111
22121221
00112221
01112221
11122211
00111111
00022202


Round: 44
00000002
01000111
22121221
00112221
01112221
11122211
00111111
00022202

Valid moves for 1:
4, 1
6, 0
6, 2
6, 3
6, 4

Player 1: 6, 2

After move by Player 1
00000002
01100111
22111221
00111221
01112121
11122211
00111111
00022202


Round: 45
00000002
01100111
22111221
00111221
01112121
11122211
00111111
00022202

Valid moves for 2:
0, 1
0, 2
0, 6
1, 1
3, 0
4, 0
4, 1
6, 3
6, 4
7, 0
7, 1
7, 2
7, 3
7, 4
7, 5
7, 6

Player 2: 0, 2

After move by Player 2
00000002
01100111
22111221
00111221
01112121
11122211
00121111
00222202


Round: 46
00000002
01100111
22111221
00111221
01112121
11122211
00121111
00222202

Valid moves for 1:
4, 0
4, 1
6, 0
6, 4

Player 1: 6, 4

After move by Player 1
00000002
01101111
22111121
00111211
01112121
11122211
00121111
00222202


Round: 47
00000002
01101111
22111121
00111211
01112121
11122211
00121111
00222202

Valid moves for 2:
0, 1
0, 6
1, 1
3, 0
4, 0
4, 1
6, 3
7, 0
7, 1
7, 2
7, 3
7, 4
7, 5
7, 6

Player 2: 0, 6

After move by Player 2
00000002
01101111
22111121
00111211
01112121
11122221
00121221
00222222


Round: 48
00000002
01101111
22111121
00111211
01112121
11122221
00121221
00222222

Valid moves for 1:
4, 0
4, 1
6, 0

Player 1: 4, 1

After move by Player 1
00000002
01101111
21111121
01111211
01112121
11122221
00121221
00222222


Round: 49
00000002
01101111
21111121
01111211
01112121
11122221
00121221
00222222

Valid moves for 2:
0, 1
1, 1
3, 0
4, 0
6, 0
6, 3
7, 0
7, 1
7, 2
7, 4
7, 5
7, 6

Player 2: 6, 0

After move by Player 2
00000002
21101111
22111121
01211211
01122121
11122221
00121221
00222222


Round: 50
00000002
21101111
22111121
01211211
01122121
11122221
00121221
00222222

Valid moves for 1:
4, 0

Player 1: 4, 0

After move by Player 1
00000002
21101111
21111121
11211211
01122121
11122221
00121221
00222222


Round: 51
00000002
21101111
21111121
11211211
01122121
11122221
00121221
00222222

Valid moves for 2:
0, 1
1, 1
3, 0
6, 3
7, 0
7, 1
7, 2
7, 4
7, 5
7, 6

Player 2: 7, 0

After move by Player 2
20000002
22101111
21211121
11221211
01122121
11122221
00121221
00222222


Round: 52
20000002
22101111
21211121
11221211
01122121
11122221
00121221
00222222

Valid moves for 1:
6, 3
7, 1

Player 1: 7, 1

After move by Player 1
21000002
21101111
21211121
11221211
01122121
11122221
00121221
00222222


Round: 53
21000002
21101111
21211121
11221211
01122121
11122221
00121221
00222222

Valid moves for 2:
0, 1
1, 0
1, 1
3, 0
6, 3
7, 2
7, 4
7, 5
7, 6

Player 2: 7, 2

After move by Player 2
22200002
22201111
21211121
11221211
01122121
11122221
00121221
00222222


Round: 54
22200002
22201111
21211121
11221211
01122121
11122221
00121221
00222222

Valid moves for 1:
6, 3
7, 3

Player 1: 7, 3

After move by Player 1
22210002
22101111
21211121
11221211
01122121
11122221
00121221
00222222


Round: 55
22210002
22101111
21211121
11221211
01122121
11122221
00121221
00222222

Valid moves for 2:
0, 1
1, 0
1, 1
3, 0
6, 3
7, 4
7, 5
7, 6

Player 2: 7, 4

After move by Player 2
22222002
22102211
21212121
11222211
01122121
11122221
00121221
00222222


Round: 56
22222002
22102211
21212121
11222211
01122121
11122221
00121221
00222222

Valid moves for 1:
6, 3
7, 5
7, 6

Player 1: 6, 3

After move by Player 1
22222002
22111111
21111121
11222111
01122111
11122221
00121221
00222222


Round: 57
22222002
22111111
21111121
11222111
01122111
11122221
00121221
00222222

Valid moves for 2:
0, 1
1, 0
1, 1
3, 0
7, 5
7, 6

Player 2: 0, 1

After move by Player 2
22222002
22111111
21111121
11222111
01122111
11122221
00221221
02222222


Round: 58
22222002
22111111
21111121
11222111
01122111
11122221
00221221
02222222

Valid moves for 1:
1, 1

Player 1: 1, 1

After move by Player 1
22222002
22111111
21111121
11222111
01122111
11122221
01111221
02222222


Round: 59
22222002
22111111
21111121
11222111
01122111
11122221
01111221
02222222

Valid moves for 2:
0, 0
1, 0
3, 0
7, 5
7, 6

Player 2: 0, 0

After move by Player 2
22222002
22111111
21111121
11222111
01122111
11222221
02111221
22222222


Round: 60
22222002
22111111
21111121
11222111
01122111
11222221
02111221
22222222

Valid moves for 1:
1, 0

Player 1: 1, 0

After move by Player 1
22222002
22111111
21111121
11222111
01122111
11222221
11111221
22222222


Round: 61
22222002
22111111
21111121
11222111
01122111
11222221
11111221
22222222

Valid moves for 2:
3, 0
7, 5
7, 6

Player 2: 7, 5

After move by Player 2
22222202
22112211
21121221
11222211
01122211
11222221
11111221
22222222


Round: 62
22222202
22112211
21121221
11222211
01122211
11222221
11111221
22222222

Valid moves for 1:
7, 6

Player 1: 7, 6

After move by Player 1
22222212
22112111
21121221
11222211
01122211
11222221
11111221
22222222


Round: 63
22222212
22112111
21121221
11222211
01122211
11222221
11111221
22222222

Valid moves for 2:
3, 0

Player 2: 3, 0

After move by Player 2
22222212
22122111
21221221
22222211
22222211
22222221
21211221
22222222


Round: 64
22222212
22122111
21221221
22222211
22222211
22222221
21211221
22222222

Valid moves for 1:

Player 1 can't move

Round: 64
22222212
22122111
21221221
22222211
22222211
22222221
21211221
22222222

Valid moves for 2:

Player 2 can't move

Black: 17
White: 47

